spawns:
  default:
    world: 14767f7f-9279-4ea5-b8b9-1a855a5f717b
    world-name: Spawn
    x: 0.39168570990675966
    y: 65.0
    z: 0.48816687449415375
    yaw: -89.10060119628906
    pitch: -5.250089645385742
